0.0
-0.0014732973650097847
-0.003377445274963975
-0.00492670014500618
-0.0057506500743329525
-0.005856804084032774
-0.005484107416123152
-0.0049367304891347885
-0.0044599235989153385
-0.00418241648003459
-0.004118825774639845
-0.004208371974527836
-0.004363456275314093
-0.004508479963988066
-0.004599939100444317
-0.004628396593034267
-0.004608578514307737
-0.004565354902297258
-0.004521755035966635
-0.004492154810577631
-0.004480880219489336
-0.004484625533223152
-0.004496441688388586
-0.004509394988417625
-0.004518827889114618
-0.004523000679910183
-0.0045225550420582294
-0.004519396461546421
-0.004515592474490404
-0.004512629006057978
-0.0045111533254384995
-0.004511079750955105
-0.00451189698651433
-0.0045130010694265366
-0.004513920750468969
-0.004514429252594709
-0.004514514934271574
-0.0045143114402890205
-0.004513993859291077
-0.004513710271567106
-0.0045135412365198135
-0.004513498395681381
-0.0045135472901165485
-0.004513637628406286
-0.004513723310083151
-0.0045137787237763405
-0.00451379781588912
-0.004513788037002087
-0.004513763822615147
-0.004513738211244345
-0.00451372005045414
-0.0045137121342122555
-0.00451371306553483
-0.004513719119131565
-0.004513726569712162
-0.004513732623308897
-0.004513735882937908
-0.0045137363485991955
-0.0045137349516153336
-0.004513732623308897
-0.004513730760663748
-0.004513729363679886
-0.0045137288980185986
-0.004513729363679886
-0.004513729829341173
-0.0045137302950024605
-0.004513730760663748
-0.004513731226325035
-0.004513731226325035
-0.004513731226325035
-0.004513730760663748
-0.0045137302950024605
-0.0045137302950024605
-0.0045137302950024605
-0.0045137302950024605
-0.0045137302950024605
-0.0045137302950024605
-0.0045137302950024605
-0.0045137302950024605
-0.0045137302950024605
-0.0045137302950024605
-0.0045137302950024605
-0.0045137302950024605
-0.0045137302950024605
-0.0045137302950024605
-0.0045137302950024605
-0.0045137302950024605
-0.0045137302950024605
-0.0045137302950024605
-0.0045137302950024605
-0.0045137302950024605
-0.0045137302950024605
-0.0045137302950024605
-0.0045137302950024605
-0.0045137302950024605
-0.0045137302950024605
-0.0045137302950024605
-0.0045137302950024605
-0.0045137302950024605
-0.0045137302950024605
-0.0045137302950024605
0.10013888776302338
0.3019532561302185
0.5497040152549744
0.745351254940033
0.8453931212425232
0.8539661765098572
0.8031694293022156
0.7320231795310974
0.6712709069252014
0.6366058588027954
0.6293100714683533
0.6413150429725647
0.6613752841949463
0.6799240708351135
0.6915328502655029
0.6950899362564087
0.6925132870674133
0.6869745850563049
0.6813951730728149
0.6775962710380554
0.6761288046836853
0.6765791773796082
0.6780705451965332
0.6797234416007996
0.6809412837028503
0.681495726108551
0.6814602017402649
0.6810710430145264
0.6805890202522278
0.6802055239677429
0.6800071001052856
0.6799874901771545
0.6800848245620728
0.6802230477333069
0.6803418397903442
0.6804101467132568
0.6804251074790955
0.6804022192955017
0.6803632974624634
0.6803271174430847
0.6803042888641357
0.6802971363067627
0.6803019642829895
0.6803126931190491
0.6803235411643982
0.6803309917449951
0.6803339123725891
0.6803330779075623
0.680330216884613
0.6803269982337952
0.6803246140480042
0.6803235411643982
0.680323600769043
0.6803243160247803
0.6803252696990967
0.6803260445594788
0.6803264021873474
0.6803264617919922
0.6803262829780579
0.680325984954834
0.6803257465362549
0.6803256273269653
0.6803256273269653
0.6803256869316101
0.6803257465362549
0.6803258061408997
0.6803258061408997
0.6803258061408997
0.6803258061408997
0.6803258061408997
0.6803258061408997
0.6803258061408997
0.6803258061408997
0.6803258061408997
0.6803258061408997
0.6803258061408997
0.6803258061408997
0.6803258061408997
0.6803258061408997
0.6803258061408997
0.6803258061408997
0.6803258061408997
0.6803258061408997
0.6803258061408997
0.6803258061408997
0.6803258061408997
0.6803258061408997
0.6803258061408997
0.6803258061408997
0.6803258061408997
0.6803258061408997
0.6803258061408997
0.6803258061408997
0.6803258061408997
0.6803258061408997
0.6803258061408997
0.6803258061408997
0.6803258061408997
0.6803258061408997
0.6803258061408997
0.6803258061408997
0.6803258061408997
0.6803258061408997
0.6803258061408997
0.6803258061408997
0.6803258061408997
0.6803258061408997
0.6803258061408997
0.6803258061408997
0.6803258061408997
0.6803258061408997
0.6803258061408997
0.6803258061408997
0.6803258061408997
0.6803258061408997
0.6803258061408997
0.6803258061408997
0.6803258061408997
0.6803258061408997
0.6803258061408997
0.6803258061408997
0.6803258061408997
0.6803258061408997
0.6803258061408997
0.6803258061408997
0.6803258061408997
0.6803258061408997
0.6803258061408997
0.6803258061408997
0.6803258061408997
0.6803258061408997
0.6803258061408997
0.6803258061408997
0.6803258061408997
0.6803258061408997
0.6803258061408997
0.6803258061408997
0.6803258061408997
0.6803258061408997
0.6803258061408997
0.6803258061408997
0.6803258061408997
0.6803258061408997
0.6803258061408997
0.6803258061408997
0.6803258061408997
0.6803258061408997
0.6803258061408997
0.6803258061408997
0.6803258061408997
0.6803258061408997
0.6803258061408997
0.6803258061408997
0.6803258061408997
0.6803258061408997
0.6803258061408997
0.6803258061408997
0.6803258061408997
0.6803258061408997
0.6803258061408997
0.6803258061408997
0.6803258061408997
0.6803258061408997
0.6803258061408997
0.6803258061408997
0.6803258061408997
0.6803258061408997
0.6803258061408997
0.6803258061408997
0.6803258061408997
0.6803258061408997
0.6803258061408997
0.6803258061408997
0.6803258061408997
0.6803258061408997
0.6803258061408997
0.6803258061408997
0.6803258061408997
0.6803258061408997
0.6803258061408997
0.6803258061408997
0.6803258061408997
0.6803258061408997
0.6803258061408997
0.6803258061408997
0.6803258061408997
0.6803258061408997
0.6803258061408997
0.6803258061408997
0.6803258061408997
0.6803258061408997
0.6803258061408997
0.6803258061408997
0.6803258061408997
0.6803258061408997
0.6803258061408997
0.6803258061408997
0.6803258061408997
0.6803258061408997
0.6803258061408997
0.6803258061408997
0.6803258061408997
0.6803258061408997
0.6803258061408997
0.6803258061408997
0.6803258061408997
0.6803258061408997
0.6803258061408997
0.6803258061408997
0.6803258061408997
0.6803258061408997
0.6803258061408997
0.6803258061408997
0.6803258061408997
0.6803258061408997
0.6803258061408997
0.6803258061408997
0.6803258061408997
0.6803258061408997
0.6803258061408997
0.6803258061408997
0.6803258061408997
0.6803258061408997
0.6803258061408997
0.6803258061408997
0.6803258061408997
0.6803258061408997
0.6803258061408997
0.6803258061408997
0.6803258061408997
0.6803258061408997
0.6803258061408997
0.6803258061408997
0.6803258061408997
0.6803258061408997
0.6803258061408997
0.6803258061408997
0.6803258061408997
0.6803258061408997
0.6803258061408997
0.6803258061408997
0.6803258061408997
0.6803258061408997
0.6803258061408997
0.6803258061408997
0.6803258061408997
0.6803258061408997
0.6803258061408997
0.6803258061408997
0.6803258061408997
0.6803258061408997
0.6803258061408997
0.6803258061408997
0.6803258061408997
0.6803258061408997
0.6803258061408997
0.6803258061408997
0.6803258061408997
0.6803258061408997
0.6803258061408997
0.6803258061408997
0.6803258061408997
0.6803258061408997
0.6803258061408997
0.6803258061408997
0.6803258061408997
0.6803258061408997
0.6803258061408997
0.6803258061408997
0.6803258061408997
0.6803258061408997
0.6803258061408997
0.6803258061408997
0.6803258061408997
0.6803258061408997
0.6803258061408997
0.6803258061408997
0.6803258061408997
0.6803258061408997
0.6803258061408997
0.6803258061408997
0.6803258061408997
0.6803258061408997
0.6803258061408997
0.6803258061408997
0.6803258061408997
0.6803258061408997
0.6803258061408997
0.6803258061408997
0.6803258061408997
0.6803258061408997
0.6803258061408997
0.6803258061408997
0.6803258061408997
0.6803258061408997
0.6803258061408997
0.6803258061408997
0.6803258061408997
0.6803258061408997
-0.08822140097618103
-0.11402083188295364
-0.09276976436376572
-0.04933830723166466
-0.006356523837894201
0.022317178547382355
0.032777074724435806
0.02855132520198822
0.01661718264222145
0.003807834815233946
-0.00536205992102623
-0.009286479093134403
-0.008684063330292702
-0.005476601887494326
-0.0017040481325238943
0.0011867244029417634
0.002588253701105714
0.002610782627016306
0.0017724607605487108
0.0006751260370947421
-0.00022426224313676357
-0.0007075563771650195
-0.0007756463601253927
-0.0005648352089338005
-0.00024987751385197043
2.6694937332649715e-05
0.00018914352403953671
0.00022777484264224768
0.0001774622651282698
8.835740300128236e-05
4.411600912135327e-06
-4.893960431218147e-05
-6.6111191699747e-05
-5.5073658586479723e-05
-3.0452205464825965e-05
-5.120790319779189e-06
1.2192795111332089e-05
1.902735311887227e-05
1.6982663510134444e-05
1.0119704711541999e-05
2.55625286627037e-06
-2.9341119898163015e-06
-5.404775947681628e-06
-5.12079077452654e-06
-3.3127562346635386e-06
-1.1355421065673e-06
5.778306331194472e-07
1.4487161479337374e-06
1.5244452242768602e-06
1.0890022394960397e-06
4.737025847134646e-07
-5.640170996912275e-08
-3.687845833155734e-07
-4.539799363101338e-07
-3.593183919292642e-07
-1.8892771436185285e-07
-1.8536997714591052e-08
9.50567766722088e-08
1.4238752044093417e-07
1.2345516609002516e-07
7.612442942672715e-08
1.9327529798829346e-08
-1.8537074097935147e-08
-3.746935206550006e-08
-3.74693627236411e-08
-2.8003212193539184e-08
-1.8537079427005665e-08
3.952474736390599e-10
9.861379268727433e-09
1.9327559996895616e-08
1.9327559996895616e-08
9.861372163300075e-09
3.952134453033551e-10
-9.070943995936886e-09
-9.070928008725332e-09
-9.07093333779585e-09
-9.070940443223208e-09
-9.070943107758467e-09
-9.070943107758467e-09
-9.070942219580047e-09
-9.070942219580047e-09
-9.070942219580047e-09
-9.070942219580047e-09
-9.070942219580047e-09
-9.070942219580047e-09
-9.070942219580047e-09
-9.070942219580047e-09
-9.070942219580047e-09
-9.070942219580047e-09
-9.070942219580047e-09
-9.070942219580047e-09
-9.070942219580047e-09
-9.070942219580047e-09
-9.070942219580047e-09
-9.070942219580047e-09
-9.070942219580047e-09
-9.070942219580047e-09
-9.070942219580047e-09
-9.070942219580047e-09
-9.070942219580047e-09
6.2666239738464355
12.08469295501709
14.835375785827637
11.71540355682373
5.990532398223877
0.5133581161499023
-3.041720151901245
-4.260252952575684
-3.637862205505371
-2.0757529735565186
-0.4368722438812256
0.7188623547554016
1.201211929321289
1.1107072830200195
0.6951377987861633
0.21299977600574493
-0.15428990125656128
-0.33165913820266724
-0.33409661054611206
-0.22747816145420074
-0.08787080645561218
0.026967117562890053
0.08930429816246033
0.09897509962320328
0.07292404770851135
0.033199798315763474
-0.00212885532528162
-0.023303184658288956
-0.02886442467570305
-0.022964105010032654
-0.011880037374794483
-0.0011753082508221269
0.0058295088820159435
0.008277875371277332
0.007113910745829344
0.004091319628059864
0.0008970115450210869
-0.0013696858659386635
-0.0023289138916879892
-0.002168026752769947
-0.00136741460300982
-0.000429314881330356
0.00028985145036131144
0.0006414267118088901
0.0006507422658614814
0.0004462352953851223
0.0001755022822180763
-4.8733163566794246e-05
-0.0001713777455734089
-0.0001916738983709365
-0.00014207152707967907
-6.513062544399872e-05
3.2532245768379653e-06
4.4488195271696895e-05
5.5999375035753474e-05
4.4715936382999644e-05
2.2754536985303275e-05
2.3454870188288623e-06
-1.1437324246799108e-05
-1.6549165593460202e-05
-1.4012343854119536e-05
-7.726895091764163e-06
-1.5928632137729437e-06
2.1935979930276517e-06
3.4052909541060217e-06
2.988819005622645e-06
1.4742718121851794e-06
5.655514314639731e-07
-4.026632183240508e-08
-4.189103322005394e-07
-6.082414074626286e-07
-7.597135436299141e-07
-8.733216532164079e-07
-9.490622687735595e-07
-9.490685215496342e-07
-9.490701700087811e-07
-9.490678394286078e-07
-9.49063291955099e-07
-9.490584034210769e-07
-9.49054310694919e-07
-9.490519232713268e-07
-9.490511843068816e-07
-9.49051866427908e-07
-9.490534580436361e-07
-9.490551633462019e-07
-9.490566412750923e-07
-9.49057550769794e-07
-9.490578349868883e-07
-9.490576644566318e-07
-9.490572097092809e-07
-9.490565844316734e-07
-9.490560159974848e-07
-9.490557317803905e-07
-9.490556180935528e-07
-9.490556180935528e-07
-9.490558454672282e-07
-9.490560728409037e-07
-9.490563002145791e-07
-9.49056357057998e-07
-9.49056357057998e-07
-9.490564139014168e-07
-9.49056357057998e-07
-9.490562433711602e-07
-9.490561865277414e-07
-9.490561865277414e-07
-9.490561296843225e-07
-9.490561296843225e-07
-9.490561296843225e-07
-9.490561296843225e-07
-9.490561865277414e-07
-9.490561865277414e-07
-9.490561865277414e-07
-9.490561865277414e-07
-9.490561865277414e-07
-9.490561865277414e-07
-9.490562433711602e-07
-9.490561865277414e-07
-9.490561865277414e-07
-9.490562433711602e-07
-9.490562433711602e-07
-9.490562433711602e-07
-9.490562433711602e-07
-9.490562433711602e-07
-9.490562433711602e-07
-9.490562433711602e-07
-9.490562433711602e-07
-9.490562433711602e-07
-9.490562433711602e-07
-9.490562433711602e-07
-9.490562433711602e-07
-9.490562433711602e-07
-9.490562433711602e-07
-9.490562433711602e-07
-9.490562433711602e-07
-9.490562433711602e-07
-9.490562433711602e-07
-9.490562433711602e-07
-9.490562433711602e-07
-9.490562433711602e-07
-9.490562433711602e-07
-9.490562433711602e-07
-9.490562433711602e-07
-9.490562433711602e-07
-9.490562433711602e-07
-9.490562433711602e-07
-9.490562433711602e-07
-9.490562433711602e-07
-9.490562433711602e-07
-9.490562433711602e-07
-9.490562433711602e-07
-9.490562433711602e-07
-9.490562433711602e-07
-9.490562433711602e-07
-9.490562433711602e-07
-9.490562433711602e-07
-9.490562433711602e-07
-9.490562433711602e-07
-9.490562433711602e-07
-9.490562433711602e-07
-9.490562433711602e-07
-9.490562433711602e-07
-9.490562433711602e-07
-9.490562433711602e-07
-9.490562433711602e-07
-9.490562433711602e-07
-9.490562433711602e-07
-9.490562433711602e-07
-9.490562433711602e-07
-9.490562433711602e-07
-9.490562433711602e-07
-9.490562433711602e-07
-9.490562433711602e-07
-9.490562433711602e-07
-9.490562433711602e-07
-9.490562433711602e-07
-9.490562433711602e-07
-9.490562433711602e-07
-9.490562433711602e-07
-9.490562433711602e-07
-9.490562433711602e-07
-9.490562433711602e-07
-9.490562433711602e-07
-9.490562433711602e-07
-9.490562433711602e-07
-9.490562433711602e-07
-9.490562433711602e-07
-9.490562433711602e-07
-9.490562433711602e-07
-9.490562433711602e-07
-9.490562433711602e-07
-9.490562433711602e-07
-9.490562433711602e-07
-9.490562433711602e-07
-9.490562433711602e-07
-9.490562433711602e-07
-9.490562433711602e-07
-9.490562433711602e-07
-9.490562433711602e-07
-9.490562433711602e-07
-9.490562433711602e-07
-9.490562433711602e-07
-9.490562433711602e-07
-9.490562433711602e-07
-9.490562433711602e-07
-9.490562433711602e-07
-9.490562433711602e-07
-9.490562433711602e-07
-9.490562433711602e-07
-9.490562433711602e-07
-9.490562433711602e-07
-9.490562433711602e-07
-9.490562433711602e-07
-9.490562433711602e-07
-9.490562433711602e-07
-9.490562433711602e-07
-9.490562433711602e-07
-9.490562433711602e-07
-9.490562433711602e-07
-9.490562433711602e-07
-9.490562433711602e-07
-9.490562433711602e-07
-9.490562433711602e-07
-9.490562433711602e-07
-9.490562433711602e-07
-9.490562433711602e-07
-9.490562433711602e-07
-9.490562433711602e-07
-9.490562433711602e-07
-9.490562433711602e-07
-9.490562433711602e-07
-9.490562433711602e-07
-9.490562433711602e-07
-9.490562433711602e-07
-9.490562433711602e-07
-9.490562433711602e-07
-9.490562433711602e-07
-9.490562433711602e-07
-9.490562433711602e-07
-9.490562433711602e-07
-9.490562433711602e-07
-9.490562433711602e-07
-9.490562433711602e-07
-9.490562433711602e-07
-9.490562433711602e-07
-9.490562433711602e-07
-9.490562433711602e-07
-9.490562433711602e-07
-9.490562433711602e-07
-9.490562433711602e-07
-9.490562433711602e-07
-9.490562433711602e-07
-9.490562433711602e-07
-9.490562433711602e-07
-9.490562433711602e-07
-9.490562433711602e-07
-9.490562433711602e-07
-9.490562433711602e-07
-9.490562433711602e-07
-9.490562433711602e-07
-9.490562433711602e-07
-9.490562433711602e-07
-9.490562433711602e-07
-9.490562433711602e-07
-9.490562433711602e-07
-9.490562433711602e-07
-9.490562433711602e-07
-9.490562433711602e-07
-9.490562433711602e-07
-9.490562433711602e-07
-9.490562433711602e-07
-9.490562433711602e-07
-9.490562433711602e-07
-9.490562433711602e-07
-9.490562433711602e-07
-9.490562433711602e-07
-9.490562433711602e-07
-9.490562433711602e-07
-9.490562433711602e-07
-9.490562433711602e-07
-9.490562433711602e-07
-9.490562433711602e-07
-9.490562433711602e-07
-9.490562433711602e-07
-9.490562433711602e-07
-9.490562433711602e-07
-9.490562433711602e-07
-9.490562433711602e-07
-9.490562433711602e-07
-9.490562433711602e-07
-9.490562433711602e-07
-9.490562433711602e-07
-9.490562433711602e-07
-9.490562433711602e-07
-9.490562433711602e-07
-9.490562433711602e-07
-9.490562433711602e-07
-9.490562433711602e-07
-9.490562433711602e-07
-9.490562433711602e-07
-9.490562433711602e-07
