0.0008184495964087546
0.0023825308308005333
0.004509355872869492
0.006985167041420937
0.009594098664820194
0.012130873277783394
0.014412343502044678
0.01628868281841278
0.017652027308940887
0.0184413380920887
0.018643289804458618
0.0182894729077816
0.017450455576181412
0.016227426007390022
0.014742192812263966
0.013126464560627937
0.011511225253343582
0.010017008520662785
0.008745739236474037
0.007774599827826023
0.007152234204113483
0.006897386629134417
0.006999877281486988
0.0074236649088561535
0.00811158586293459
0.008991303853690624
0.009981912560760975
0.011000657454133034
0.011969258077442646
0.012819393537938595
0.013497015461325645
0.013965248130261898
0.014205776154994965
0.014218737371265888
0.014021243900060654
0.013644757680594921
0.013131608255207539
0.012530959211289883
0.011894600465893745
0.011272872798144817
0.010711022652685642
0.010246233083307743
0.009905487298965454
0.009704365395009518
0.009646785445511341
0.009725642390549183
0.009924206882715225
0.01021814625710249
0.010577941313385963
0.010971504263579845
0.011366772465407848
0.01173410378396511
0.012048297561705112
0.01229012105613947
0.012447275221347809
0.012514755129814148
0.012494648806750774
0.01239541731774807
0.012230755761265755
0.012018151581287384
0.011777285486459732
0.011528383009135723
0.011290663853287697
0.011080981232225895
0.010912761092185974
0.010795265436172485
0.010733235627412796
0.010726896114647388
0.01077229529619217
0.010861935093998909
0.010985605418682098
0.011131372302770615
0.011286599561572075
0.011438947170972824
0.011577269993722439
0.011692359112203121
0.011777469888329506
0.011828631162643433
0.01184472069144249
0.011827323585748672
0.011780397966504097
0.011709794402122498
0.011622663587331772
0.011526823975145817
0.011430121958255768
0.011339844204485416
0.011262218467891216
0.01120203360915184
0.01116239745169878
0.011144636198878288
0.011148336343467236
0.01117151603102684
0.011210900731384754
0.0112622594460845
0.011320807971060276
0.011381605640053749
0.011439936235547066
0.011491640470921993
0.011533386074006557
0.011562845669686794
0.1136309802532196
0.298148512840271
0.5452284216880798
0.8321734070777893
1.1350295543670654
1.430891513824463
1.699767827987671
1.9257395267486572
2.0974931716918945
2.20841121673584
2.2563793659210205
2.243408441543579
2.1751229763031006
2.0601449012756348
1.9093955755233765
1.7353365421295166
1.5511605739593506
1.3699473142623901
1.2038133144378662
1.0631132125854492
0.9557695388793945
0.8868073225021362
0.8581433296203613
0.8686436414718628
0.9144290685653687
0.989382266998291
1.0857954025268555
1.1950883865356445
1.3085259199142456
1.4178694486618042
1.5159152746200562
1.5968908071517944
1.6567014455795288
1.6930359601974487
1.705346941947937
1.6947261095046997
1.6636956930160522
1.6159334182739258
1.5559511184692383
1.4887444972991943
1.4194328784942627
1.3529103994369507
1.293528437614441
1.2448313236236572
1.2093616724014282
1.1885496377944946
1.1826902627944946
1.191006064414978
1.2117854356765747
1.242579460144043
1.280437707901001
1.3221603631973267
1.3645455837249756
1.4046140909194946
1.4397964477539062
1.4680736064910889
1.488066554069519
1.4990743398666382
1.5010637044906616
1.4946160316467285
1.480838656425476
1.4612494707107544
1.4376429319381714
1.4119486808776855
1.386090636253357
1.3618565797805786
1.3407853841781616
1.3240798711776733
1.312548279762268
1.3065780401229858
1.3061411380767822
1.3108279705047607
1.319906234741211
1.3323979377746582
1.3471674919128418
1.3630132675170898
1.378757119178772
1.3933231830596924
1.40580415725708
1.4155093431472778
1.4219942092895508
1.4250706434249878
1.4247989654541016
1.4214638471603394
1.4155367612838745
1.4076296091079712
1.3984414339065552
1.3887042999267578
1.379130482673645
1.370365023612976
1.3629471063613892
1.3572804927825928
1.353616714477539
1.3520492315292358
1.3525195121765137
1.3548332452774048
1.3586843013763428
1.363684892654419
1.369399070739746
1.375376582145691
1.3811850547790527
1.386438250541687
1.3908193111419678
1.3940964937210083
1.396132469177246
1.3968861103057861
1.3964074850082397
1.3948274850845337
1.3923420906066895
1.3891937732696533
1.3856515884399414
1.3819901943206787
1.378470778465271
1.375324010848999
1.372736930847168
1.3708430528640747
1.3697175979614258
1.3693770170211792
1.3697824478149414
1.3708466291427612
1.3724439144134521
1.3744220733642578
1.3766146898269653
1.3788537979125977
1.380981683731079
1.382860779762268
1.3843817710876465
1.3854684829711914
1.3860807418823242
1.3862141370773315
1.3858976364135742
1.3851886987686157
1.384167194366455
1.3829282522201538
1.381574273109436
1.3802075386047363
1.378922939300537
1.3778023719787598
1.376909852027893
1.3762887716293335
1.3759602308273315
1.37592351436615
1.3761579990386963
1.3766260147094727
1.3772767782211304
1.3780510425567627
1.3788857460021973
1.379718542098999
1.3804924488067627
1.3811588287353516
1.3816804885864258
1.3820329904556274
1.3822054862976074
1.3822004795074463
1.3820325136184692
1.3817259073257446
1.3813128471374512
1.3808302879333496
1.3803168535232544
1.3798102140426636
1.3793448209762573
1.3789492845535278
1.378645420074463
1.3784466981887817
1.3783584833145142
1.3783780336380005
1.378495454788208
1.3786948919296265
1.3789560794830322
1.379256248474121
1.379571557044983
1.379879117012024
1.3801584243774414
1.3803925514221191
1.3805689811706543
1.3806800842285156
1.380723476409912
1.3807015419006348
1.3806209564208984
1.3804919719696045
1.3803272247314453
1.380141019821167
1.3799477815628052
1.3797613382339478
1.3795939683914185
1.3794556856155396
1.3793537616729736
1.3792922496795654
1.3792721033096313
1.3792915344238281
1.3793460130691528
1.3794289827346802
1.3795325756072998
1.379647970199585
1.3797662258148193
1.3798789978027344
1.3799790143966675
1.3800604343414307
1.3801190853118896
1.3801528215408325
1.380161166191101
1.3801456689834595
1.380109190940857
1.3800560235977173
1.379991054534912
1.3799197673797607
1.379847526550293
1.3797794580459595
1.3797197341918945
1.3796719312667847
1.379638433456421
1.3796203136444092
1.3796175718307495
1.3796292543411255
1.3796533346176147
1.3796873092651367
1.3797279596328735
1.3797719478607178
1.379815936088562
1.3798569440841675
1.3798924684524536
1.3799203634262085
1.3799394369125366
1.3799490928649902
1.3799493312835693
1.3799408674240112
1.379925012588501
1.3799034357070923
1.3798781633377075
1.3798511028289795
1.3798242807388306
1.3797996044158936
1.379778504371643
1.3797621726989746
1.379751443862915
1.379746437072754
1.3797471523284912
1.3797531127929688
1.3797634840011597
1.3797770738601685
1.3797928094863892
1.3798094987869263
1.3798258304595947
1.3798407316207886
1.3798532485961914
1.379862666130066
1.379868745803833
1.3798712491989136
1.3798701763153076
1.3798660039901733
1.3798593282699585
1.3798507452011108
1.3798409700393677
1.3798307180404663
1.3798208236694336
1.3798118829727173
1.3798044919967651
1.3797990083694458
1.3797956705093384
1.3797944784164429
1.3797954320907593
1.3797982931137085
1.3798025846481323
1.3798080682754517
1.3798141479492188
1.3798203468322754
1.379826307296753
1.3798316717147827
1.3798359632492065
1.3798390626907349
1.3798408508300781
1.3798413276672363
1.379840612411499
1.3798388242721558
1.379836082458496
1.3798327445983887
1.3798290491104126
1.379825234413147
1.3798216581344604
1.3798184394836426
1.3798158168792725
1.3798140287399292
1.3798129558563232
1.3798127174377441
1.379813313484192
1.3798145055770874
1.3798162937164307
1.3798184394836426
1.379820704460144
1.379823088645935
1.379825234413147
1.3798271417617798
1.379828691482544
1.37982976436615
1.3798303604125977
1.3798303604125977
1.379830002784729
1.3798291683197021
1.3798280954360962
1.3798267841339111
0.04900895804166794
0.09365756809711456
0.12735478579998016
0.14825217425823212
0.15622346103191376
0.1519026756286621
0.13661500811576843
0.11235567182302475
0.0816374197602272
0.04726412147283554
0.012092947959899902
-0.021186627447605133
-0.050240546464920044
-0.07323533296585083
-0.08893610537052155
-0.09675019979476929
-0.09672091156244278
-0.08947404474020004
-0.0761239230632782
-0.05815206095576286
-0.03726740926504135
-0.015260323882102966
0.006137157790362835
0.02537650614976883
0.04119288548827171
0.05267772078514099
0.05931790545582771
0.061002690345048904
0.05800003185868263
0.050906289368867874
0.040576137602329254
0.02803787775337696
0.01440287847071886
0.0007761091110296547
-0.011825984343886375
-0.02254406176507473
-0.030727509409189224
-0.035967011004686356
-0.03810529410839081
-0.03722921758890152
-0.0336436964571476
-0.02783169038593769
-0.020403938367962837
-0.01204325258731842
-0.0034478893503546715
0.004721947479993105
0.011890093795955181
0.01760118454694748
0.02154460735619068
0.02356661856174469
0.023668773472309113
0.021995898336172104
0.018813977017998695
0.014480448327958584
0.009410434402525425
0.004040715284645557
-0.0012039546854794025
-0.005941982846707106
-0.009859993122518063
-0.012730797752737999
-0.014423117972910404
-0.014904353767633438
-0.01423470489680767
-0.012555823661386967
-0.010073048062622547
-0.007035646587610245
-0.003714335849508643
-0.000379594333935529
0.0027185415383428335
0.005367626436054707
0.007405424024909735
0.008728567510843277
0.009295061230659485
0.009122594259679317
0.008282817900180817
0.006891538389027119
0.005096428096294403
0.0030635427683591843
0.0009634231682866812
-0.0010417560115456581
-0.002809933852404356
-0.00422773277387023
-0.005217389203608036
-0.005738878156989813
-0.005790530238300562
-0.00540586793795228
-0.004648242611438036
-0.0036038837861269712
-0.002373425755649805
-0.0010635359212756157
0.00022158128558658063
0.0013880329206585884
0.0023583557922393084
0.0030753875616937876
0.0035059067886322737
0.0036405716091394424
0.0034928403329104185
0.0030960675794631243
0.0024997207801789045
0.0017640570877119899
6.1118645668029785
11.048954963684082
14.79520320892334
17.182334899902344
18.135099411010742
17.71628761291504
16.10037612915039
13.53123664855957
10.284650802612305
6.641806125640869
2.8723437786102295
-0.7767042517662048
-4.088947772979736
-6.884916305541992
-9.026906967163086
-10.422698974609375
-11.02850341796875
-10.851093292236328
-9.948142051696777
-8.425156593322754
-6.427765369415283
-4.129474639892578
-1.7164082527160645
0.6287626028060913
2.7416441440582275
4.488215446472168
5.7732415199279785
6.544487953186035
6.79266357421875
6.54751443862915
5.871006011962891
4.848834037780762
3.581477403640747
2.175722599029541
0.7371839880943298
-0.6359745860099792
-1.8581087589263916
-2.860016345977783
-3.5917530059814453
-4.024351596832275
-4.150396823883057
-3.9833827018737793
-3.555802822113037
-2.9159975051879883
-2.1239333152770996
-1.2462273836135864
-0.35085949301719666
0.4979550242424011
1.2442742586135864
1.8439555168151855
2.2669639587402344
2.4983630180358887
2.538036584854126
2.3993115425109863
2.10672664642334
1.693243384361267
1.197183609008789
0.659149169921875
0.11912424862384796
-0.3860875964164734
-0.8249892592430115
-1.1730080842971802
-1.4135658740997314
-1.5385771989822388
-1.5483829975128174
-1.4511431455612183
-1.2617484331130981
-1.000333547592163
-0.6905167698860168
-0.35749706625938416
-0.02616286091506481
0.28064772486686707
0.5436103343963623
0.7480084896087646
0.8844012022018433
0.9488522410392761
0.9427427649497986
0.8722196221351624
0.7473616003990173
0.5811461806297302
0.3883143663406372
0.1842191368341446
-0.0162655059248209
-0.19970890879631042
-0.35491204261779785
-0.47348418831825256
-0.5501906275749207
-0.5830633044242859
-0.5732858777046204
-0.5248744487762451
-0.4441887438297272
-0.33931827545166016
-0.21939149498939514
-0.09386429190635681
0.02816198579967022
0.1385474056005478
0.23060263693332672
0.2994401454925537
0.3421693742275238
0.35793477296829224
0.3478097915649414
0.314564973115921
0.2623384892940521
0.1962384730577469
0.12191455066204071
0.04512671008706093
-0.028657227754592896
-0.09461114555597305
-0.14882944524288177
-0.18852022290229797
-0.21210768818855286
-0.21924585103988647
-0.21074482798576355
-0.18842576444149017
-0.15491649508476257
-0.11340854316949844
-0.0673922523856163
-0.020392725244164467
0.024276038631796837
0.06372340768575668
0.09564855694770813
0.11845244467258453
0.13129158318042755
0.13407616317272186
0.12741605937480927
0.11252216249704361
0.09107520431280136
0.06507136672735214
0.03666126728057861
0.007989049889147282
-0.01895376294851303
-0.04245312884449959
-0.06116746366024017
-0.07419025152921677
-0.08107804507017136
-0.08184391260147095
-0.0769210159778595
-0.06709873676300049
-0.05344143882393837
-0.03719272091984749
-0.01967647485435009
-0.0021985701750963926
0.014041680842638016
0.028025206178426743
0.03896937891840935
0.04636291041970253
0.04997957497835159
0.04987083747982979
0.04634067788720131
0.03990410268306732
0.03123495727777481
0.021106800064444542
0.010332087054848671
-0.0002965986786875874
-0.010060058906674385
-0.018356293439865112
-0.02473069727420807
-0.028897803276777267
-0.030746737495064735
-0.030334413051605225
-0.027868473902344704
-0.023681823164224625
-0.01819884590804577
-0.011899900622665882
-0.00528313871473074
0.0011712927371263504
0.007032221183180809
0.011943747289478779
0.015643520280718803
0.017973575741052628
0.018882179632782936
0.0184200219810009
0.016727877780795097
0.014020131900906563
0.010563233867287636
0.006654452998191118
0.0025989017449319363
-0.0013130857842043042
-0.0048238858580589294
-0.0077239032834768295
-0.009862287901341915
-0.011152291670441628
-0.011573010124266148
-0.011164484545588493
-0.010020654648542404
-0.00827833916991949
-0.006104952190071344
-0.0036845493596047163
-0.0012032771483063698
0.0011638817377388477
0.0032629084307700396
0.004970780108124018
0.006201134528964758
0.006907125003635883
0.007081836462020874
0.006755674723535776
0.005990905221551657
0.0048750932328403
0.0035125925205647945
0.002016904763877392
0.0005011052708141506
-0.0009286266285926104
-0.00218089553527534
-0.003183417720720172
-0.003887328552082181
-0.00426789466291666
-0.004324586596339941
-0.004079216625541449
-0.003573102643713355
-0.0028611442539840937
-0.0020088369492441416
-0.0010863967472687364
-0.00016258856339845806
0.0006991361151449382
0.0014443161198869348
0.0020309793762862682
0.0024312189780175686
0.0026321967598050833
0.002636055927723646
0.0024584741331636906
0.002126094186678529
0.0016738661797717214
0.001142654800787568
0.0005750995478592813
1.2879979294666555e-05
-0.000505587668158114
-0.0009481245069764555
-0.0012901704758405685
-0.0015162084018811584
-0.00162015319801867
-0.0016043626237660646
-0.0014793472364544868
-0.0012627590913325548
-0.0009765023132786155
-0.0006456635892391205
-0.000296964863082394
4.471486317925155e-05
0.0003562600468285382
0.0006184872472658753
0.00081720354501158
0.0009441114380024374
0.0009962614858523011
0.0009754497441463172
0.0008890178287401795
0.0007481446373276412
0.0005668386584147811
0.0003611454158090055
0.00014682496839668602
-6.0832953749923036e-05
-0.00024751329328864813
-0.000402173085603863
-0.0005171069642528892
-0.0005875913775525987
-0.000612167059443891
-0.0005925114965066314
-0.0005337701295502484
-0.0004428031970746815
-0.0003285576240159571
-0.00020095659419894218
-6.97201321600005e-05
5.599434007308446e-05
0.0001678819244261831
0.0002589734212961048
0.0003251636226195842
0.0003635264001786709
0.0003738498198799789
0.00035782193299382925
0.00031854480039328337
0.0002602488675620407
0.00018897319387178868
0.00011055092181777582
3.1060626497492194e-05
-4.411429108586162e-05
-0.0001104791954276152
-0.00016409633099101484
-0.00020221484010107815
-0.00022352885571308434
-0.00022789569629821926
-0.00021620509505737573
-0.00019075139425694942
-0.00015405300655402243
-0.00010946081602014601
-6.110039248596877e-05
-1.2107022484997287e-05
3.3934695238713175e-05
7.386763900285587e-05
0.00010580093658063561
0.0001277448027394712
0.0001391052210237831
0.0001402541238348931
0.00013146948185749352
0.00011457622167654335
9.118725574808195e-05
6.325921276584268e-05
3.312768603791483e-05
2.916266339525464e-06
-2.489641155989375e-05
-4.906542380922474e-05
-6.775157817173749e-05
-8.063810673775151e-05
