0.0
0.038562096655368805
0.044353023171424866
0.009416667744517326
-0.022422276437282562
-0.01485817227512598
-0.011353573761880398
-0.008552380837500095
-0.0012448335764929652
0.007609489373862743
0.012300786562263966
0.011999361217021942
0.008550002239644527
0.004256581887602806
0.0008153275703079998
-0.0009970373939722776
-0.0006396194803528488
-0.0001444563240511343
0.0009449736680835485
0.0020336718298494816
0.002711167559027672
0.0028946693055331707
0.002707730047404766
0.0023477922659367323
0.001992972334846854
0.0017533820355311036
0.0016619986854493618
0.0016928919358178973
0.0017911583418026567
0.0019009304232895374
0.001983340596780181
0.0020225041080266237
0.0020220393780618906
0.001996723236516118
0.0019637178629636765
0.0019362715538591146
0.0019209894817322493
0.0019181956304237247
0.0019241601694375277
0.0019337714184075594
0.0019426483195275068
0.001948262914083898
0.0019500504713505507
0.001948860939592123
0.001946167554706335
0.0019433769630268216
0.001941401744261384
0.0019405665807425976
0.0019407114014029503
0.0019414282869547606
0.0019422846380621195
0.001942954258993268
0.0019432965200394392
0.0019433225970715284
0.0019431427353993058
0.0019428925588726997
0.0019426741637289524
0.001942544593475759
0.0019425100181251764
0.0019425484351813793
0.0019426216604188085
0.0019426927901804447
0.0019427385414019227
0.0019427540246397257
0.0019427475053817034
0.0019427274819463491
0.001942707342095673
0.0019426937215030193
0.001942685921676457
0.0019426854560151696
0.001942689879797399
0.0019426976796239614
0.0019427038496360183
0.0019427044317126274
0.0019427031511440873
0.0019427021034061909
0.0019427016377449036
0.0019427011720836163
0.0019427010556682944
0.0019427009392529726
0.0019427008228376508
0.001942700706422329
0.001942700706422329
0.001942700706422329
0.001942700706422329
0.001942700706422329
0.001942700706422329
0.001942700706422329
0.001942700706422329
0.001942700706422329
0.001942700706422329
0.001942700706422329
0.001942700706422329
0.001942700706422329
0.001942700706422329
0.001942700706422329
0.001942700706422329
0.001942700706422329
0.001942700706422329
0.001942700706422329
0.001942700706422329
0.24494698643684387
0.6844574213027954
1.2833560705184937
1.5456420183181763
1.5595793724060059
1.530257225036621
1.5106556415557861
1.4997172355651855
1.4931654930114746
1.4903666973114014
1.4907915592193604
1.4930076599121094
1.4954860210418701
1.4972455501556396
1.4979681968688965
1.4978324174880981
1.497254490852356
1.4966412782669067
1.4962393045425415
1.496107816696167
1.4961775541305542
1.496334195137024
1.4964815378189087
1.4965689182281494
1.4965900182724
1.4965659379959106
1.4965254068374634
1.496490716934204
1.4964721202850342
1.4964696168899536
1.4964771270751953
1.4964873790740967
1.4964954853057861
1.4964993000030518
1.4964993000030518
1.4964971542358398
1.4964945316314697
1.4964927434921265
1.4964919090270996
1.4964920282363892
1.496492624282837
1.4964933395385742
1.4964936971664429
1.4964938163757324
1.4964938163757324
1.4964936971664429
1.4964934587478638
1.4964933395385742
1.4964933395385742
1.4964933395385742
1.4964934587478638
1.4964934587478638
1.4964934587478638
1.4964934587478638
1.4964934587478638
1.4964934587478638
1.4964934587478638
1.4964934587478638
1.4964934587478638
1.4964934587478638
1.4964934587478638
1.4964934587478638
1.4964934587478638
1.4964934587478638
1.4964934587478638
1.4964934587478638
1.4964934587478638
1.4964934587478638
1.4964934587478638
1.4964934587478638
1.4964934587478638
1.4964934587478638
1.4964934587478638
1.4964934587478638
1.4964934587478638
1.4964934587478638
1.4964934587478638
1.4964934587478638
1.4964934587478638
1.4964934587478638
1.4964934587478638
1.4964934587478638
1.4964934587478638
1.4964934587478638
1.4964934587478638
1.4964934587478638
1.4964934587478638
1.4964934587478638
1.4964934587478638
1.4964934587478638
1.4964934587478638
1.4964934587478638
1.4964934587478638
1.4964934587478638
1.4964934587478638
1.4964934587478638
1.4964934587478638
1.4964934587478638
1.4964934587478638
1.4964934587478638
1.4964934587478638
1.4964934587478638
1.4964934587478638
1.4964934587478638
1.4964934587478638
1.4964934587478638
1.4964934587478638
1.4964934587478638
1.4964934587478638
1.4964934587478638
1.4964934587478638
1.4964934587478638
1.4964934587478638
1.4964934587478638
1.4964934587478638
1.4964934587478638
1.4964934587478638
1.4964934587478638
1.4964934587478638
1.4964934587478638
1.4964934587478638
1.4964934587478638
1.4964934587478638
1.4964934587478638
1.4964934587478638
1.4964934587478638
1.4964934587478638
1.4964934587478638
1.4964934587478638
1.4964934587478638
1.4964934587478638
1.4964934587478638
1.4964934587478638
1.4964934587478638
1.4964934587478638
1.4964934587478638
1.4964934587478638
1.4964934587478638
1.4964934587478638
1.4964934587478638
1.4964934587478638
1.4964934587478638
1.4964934587478638
1.4964934587478638
1.4964934587478638
1.4964934587478638
1.4964934587478638
1.4964934587478638
1.4964934587478638
1.4964934587478638
1.4964934587478638
1.4964934587478638
1.4964934587478638
1.4964934587478638
1.4964934587478638
1.4964934587478638
1.4964934587478638
1.4964934587478638
1.4964934587478638
1.4964934587478638
1.4964934587478638
1.4964934587478638
1.4964934587478638
1.4964934587478638
1.4964934587478638
1.4964934587478638
1.4964934587478638
1.4964934587478638
1.4964934587478638
1.4964934587478638
1.4964934587478638
1.4964934587478638
1.4964934587478638
1.4964934587478638
1.4964934587478638
1.4964934587478638
1.4964934587478638
1.4964934587478638
1.4964934587478638
1.4964934587478638
1.4964934587478638
1.4964934587478638
1.4964934587478638
1.4964934587478638
1.4964934587478638
1.4964934587478638
1.4964934587478638
1.4964934587478638
1.4964934587478638
1.4964934587478638
1.4964934587478638
1.4964934587478638
1.4964934587478638
1.4964934587478638
1.4964934587478638
1.4964934587478638
1.4964934587478638
1.4964934587478638
1.4964934587478638
1.4964934587478638
1.4964934587478638
1.4964934587478638
1.4964934587478638
1.4964934587478638
1.4964934587478638
1.4964934587478638
1.4964934587478638
1.4964934587478638
1.4964934587478638
1.4964934587478638
1.4964934587478638
1.4964934587478638
1.4964934587478638
1.4964934587478638
1.4964934587478638
1.4964934587478638
1.4964934587478638
1.4964934587478638
1.4964934587478638
1.4964934587478638
1.4964934587478638
1.4964934587478638
1.4964934587478638
1.4964934587478638
1.4964934587478638
1.4964934587478638
1.4964934587478638
1.4964934587478638
1.4964934587478638
1.4964934587478638
1.4964934587478638
1.4964934587478638
1.4964934587478638
1.4964934587478638
1.4964934587478638
1.4964934587478638
1.4964934587478638
1.4964934587478638
1.4964934587478638
1.4964934587478638
1.4964934587478638
1.4964934587478638
1.4964934587478638
1.4964934587478638
1.4964934587478638
1.4964934587478638
1.4964934587478638
1.4964934587478638
1.4964934587478638
1.4964934587478638
1.4964934587478638
1.4964934587478638
1.4964934587478638
1.4964934587478638
1.4964934587478638
1.4964934587478638
1.4964934587478638
1.4964934587478638
1.4964934587478638
1.4964934587478638
1.4964934587478638
1.4964934587478638
1.4964934587478638
1.4964934587478638
1.4964934587478638
1.4964934587478638
1.4964934587478638
1.4964934587478638
1.4964934587478638
1.4964934587478638
1.4964934587478638
1.4964934587478638
1.4964934587478638
1.4964934587478638
1.4964934587478638
1.4964934587478638
1.4964934587478638
1.4964934587478638
1.4964934587478638
1.4964934587478638
1.4964934587478638
1.4964934587478638
1.4964934587478638
1.4964934587478638
1.4964934587478638
1.4964934587478638
1.4964934587478638
1.4964934587478638
1.4964934587478638
1.4964934587478638
1.4964934587478638
1.4964934587478638
1.4964934587478638
1.4964934587478638
1.4964934587478638
1.4964934587478638
1.4964934587478638
1.4964934587478638
1.4964934587478638
2.309107542037964
0.34676215052604675
-2.0919973850250244
-1.9065237045288086
0.4529403746128082
0.20985619723796844
0.16773611307144165
0.4375776946544647
0.5301989912986755
0.2809160053730011
-0.01804943196475506
-0.20654843747615814
-0.25709104537963867
-0.2060631364583969
-0.108524851500988
0.02140227146446705
0.02965048886835575
0.06523533165454865
0.06519150733947754
0.04056860879063606
0.010988127440214157
-0.01119397021830082
-0.02155316434800625
-0.021246708929538727
-0.014346728101372719
-0.0054720561020076275
0.0018498951103538275
0.00588421942666173
0.006573178339749575
0.004934736993163824
0.00234512728638947
-2.7834508728119545e-05
-0.0015159340109676123
-0.0019763638265430927
-0.0016434891149401665
-0.0009150922414846718
-0.00016729430353734642
0.00035715458216145635
0.0005755260935984552
0.0005315479356795549
0.00033620555768720806
0.00010703977022785693
-7.123188697732985e-05
-0.00016128354764077812
-0.00016710387717466801
-0.00011827932758023962
-5.001113822800107e-05
8.66987193148816e-06
4.2927033064188436e-05
5.1281058404129e-05
4.0093742427416146e-05
2.049151407845784e-05
1.5601571021761629e-06
-1.0773011126730125e-05
-1.4977647879277356e-05
-1.307410275330767e-05
-7.757572348054964e-06
-2.0690804376499727e-06
2.303411292814417e-06
4.385300599096809e-06
4.262639777152799e-06
2.736230953814811e-06
9.265323797080782e-07
-3.9139681007327454e-07
-1.2012716297249426e-06
-1.2035065992677119e-06
-8.130288051688694e-07
-4.7001728376017127e-07
-2.8818684327802657e-08
2.6697136945585953e-07
4.6766214722993027e-07
3.7243606243464455e-07
3.246299584702683e-08
-7.987060257619305e-08
-6.408913577615749e-08
-2.96473334771008e-08
-2.663165687977198e-08
-7.401548707264283e-09
-6.002207619815181e-09
-4.4289842904277066e-09
-4.463346581218275e-09
8.906743675929363e-10
8.360993009048912e-10
9.649966381530817e-10
9.106904674816008e-10
8.809544760346455e-10
8.759655223400387e-10
8.81690553899972e-10
8.875649659678686e-10
8.901424042306871e-10
8.902034664970415e-10
8.894291414485167e-10
8.88829843059824e-10
8.886274494024349e-10
8.886665847640529e-10
8.887602875873313e-10
8.888180191846118e-10
8.888314528832097e-10
8.888231262105251e-10
8.888126346029424e-10
14.551155090332031
26.317989349365234
35.86219787597656
15.705748558044434
0.8345752954483032
-1.7558176517486572
-1.1737440824508667
-0.6549970507621765
-0.39231961965560913
-0.16758917272090912
0.02544301748275757
0.13269919157028198
0.14840131998062134
0.10536382347345352
0.04327143728733063
-0.008127240464091301
-0.03460622951388359
-0.03672215715050697
-0.0240708589553833
-0.007875449024140835
0.004174064379185438
0.009382238611578941
0.008823730982840061
0.005232284311205149
0.001265381695702672
-0.001439240062609315
-0.0024264936801046133
-0.0020796265453100204
-0.0011109225451946259
-0.0001482054649386555
0.00044885705574415624
0.0006163003854453564
0.0004836000152863562
0.00022643001284450293
-2.794596866806387e-06
-0.00013177914661355317
-0.0001563908444950357
-0.00011028419248759747
-4.651530980481766e-05
1.0406564797449391e-05
3.891906453645788e-05
4.0869603253668174e-05
2.4306091290782206e-05
9.609289008949418e-06
-1.7932756009031436e-06
-9.933793990057893e-06
-1.146309841715265e-05
-4.508161509875208e-06
1.2242401226103539e-06
3.3945073028007755e-06
5.3855051191931125e-06
1.886131144601677e-06
2.0142056200711522e-06
1.968932110685273e-06
1.5433571434186888e-06
1.1055956292693736e-06
7.109810553629359e-07
5.860100600330043e-07
6.719300813529117e-07
7.397729291369615e-07
7.755513706797501e-07
8.053940518948366e-07
8.150580583787814e-07
8.186638069673791e-07
8.245517051364004e-07
8.329936349582567e-07
8.307757184411457e-07
8.329238880833145e-07
8.30777253213455e-07
8.329619163305324e-07
8.308010137625388e-07
8.32964929031732e-07
8.307794701067905e-07
8.329656679961772e-07
8.30779299576534e-07
8.32965326935664e-07
8.307791290462774e-07
8.32965326935664e-07
8.307791858896962e-07
8.329653837790829e-07
8.307792427331151e-07
8.329653837790829e-07
8.307792427331151e-07
8.329653837790829e-07
8.307792427331151e-07
8.329653837790829e-07
8.307792427331151e-07
8.329653837790829e-07
8.307792427331151e-07
8.329653837790829e-07
8.307792427331151e-07
8.329653837790829e-07
8.307792427331151e-07
8.329653837790829e-07
8.307792427331151e-07
8.329653837790829e-07
8.307792427331151e-07
8.329653837790829e-07
8.307792427331151e-07
8.329653837790829e-07
8.307792427331151e-07
8.329653837790829e-07
8.307792427331151e-07
8.329653837790829e-07
8.307792427331151e-07
8.329653837790829e-07
8.307792427331151e-07
8.329653837790829e-07
8.307792427331151e-07
8.329653837790829e-07
8.307792427331151e-07
8.329653837790829e-07
8.307792427331151e-07
8.329653837790829e-07
8.307792427331151e-07
8.329653837790829e-07
8.307792427331151e-07
8.329653837790829e-07
8.307792427331151e-07
8.329653837790829e-07
8.307792427331151e-07
8.329653837790829e-07
8.307792427331151e-07
8.329653837790829e-07
8.307792427331151e-07
8.329653837790829e-07
8.307792427331151e-07
8.329653837790829e-07
8.307792427331151e-07
8.329653837790829e-07
8.307792427331151e-07
8.329653837790829e-07
8.307792427331151e-07
8.329653837790829e-07
8.307792427331151e-07
8.329653837790829e-07
8.307792427331151e-07
8.329653837790829e-07
8.307792427331151e-07
8.329653837790829e-07
8.307792427331151e-07
8.329653837790829e-07
8.307792427331151e-07
8.329653837790829e-07
8.307792427331151e-07
8.329653837790829e-07
8.307792427331151e-07
8.329653837790829e-07
8.307792427331151e-07
8.329653837790829e-07
8.307792427331151e-07
8.329653837790829e-07
8.307792427331151e-07
8.329653837790829e-07
8.307792427331151e-07
8.329653837790829e-07
8.307792427331151e-07
8.329653837790829e-07
8.307792427331151e-07
8.329653837790829e-07
8.307792427331151e-07
8.329653837790829e-07
8.307792427331151e-07
8.329653837790829e-07
8.307792427331151e-07
8.329653837790829e-07
8.307792427331151e-07
8.329653837790829e-07
8.307792427331151e-07
8.329653837790829e-07
8.307792427331151e-07
8.329653837790829e-07
8.307792427331151e-07
8.329653837790829e-07
8.307792427331151e-07
8.329653837790829e-07
8.307792427331151e-07
8.329653837790829e-07
8.307792427331151e-07
8.329653837790829e-07
8.307792427331151e-07
8.329653837790829e-07
8.307792427331151e-07
8.329653837790829e-07
8.307792427331151e-07
8.329653837790829e-07
8.307792427331151e-07
8.329653837790829e-07
8.307792427331151e-07
8.329653837790829e-07
8.307792427331151e-07
8.329653837790829e-07
8.307792427331151e-07
8.329653837790829e-07
8.307792427331151e-07
8.329653837790829e-07
8.307792427331151e-07
8.329653837790829e-07
8.307792427331151e-07
8.329653837790829e-07
8.307792427331151e-07
8.329653837790829e-07
8.307792427331151e-07
8.329653837790829e-07
8.307792427331151e-07
8.329653837790829e-07
8.307792427331151e-07
8.329653837790829e-07
8.307792427331151e-07
8.329653837790829e-07
8.307792427331151e-07
8.329653837790829e-07
8.307792427331151e-07
8.329653837790829e-07
8.307792427331151e-07
8.329653837790829e-07
8.307792427331151e-07
8.329653837790829e-07
8.307792427331151e-07
8.329653837790829e-07
8.307792427331151e-07
8.329653837790829e-07
8.307792427331151e-07
8.329653837790829e-07
8.307792427331151e-07
8.329653837790829e-07
8.307792427331151e-07
8.329653837790829e-07
8.307792427331151e-07
8.329653837790829e-07
8.307792427331151e-07
8.329653837790829e-07
8.307792427331151e-07
8.329653837790829e-07
8.307792427331151e-07
8.329653837790829e-07
8.307792427331151e-07
8.329653837790829e-07
8.307792427331151e-07
8.329653837790829e-07
8.307792427331151e-07
8.329653837790829e-07
8.307792427331151e-07
8.329653837790829e-07
8.307792427331151e-07
8.329653837790829e-07
8.307792427331151e-07
8.329653837790829e-07
8.307792427331151e-07
8.329653837790829e-07
8.307792427331151e-07
8.329653837790829e-07
8.307792427331151e-07
8.329653837790829e-07
8.307792427331151e-07
8.329653837790829e-07
8.307792427331151e-07
8.329653837790829e-07
8.307792427331151e-07
8.329653837790829e-07
8.307792427331151e-07
8.329653837790829e-07
8.307792427331151e-07
8.329653837790829e-07
8.307792427331151e-07
8.329653837790829e-07
8.307792427331151e-07
8.329653837790829e-07
8.307792427331151e-07
8.329653837790829e-07
8.307792427331151e-07
8.329653837790829e-07
8.307792427331151e-07
8.329653837790829e-07
8.307792427331151e-07
8.329653837790829e-07
8.307792427331151e-07
8.329653837790829e-07
8.307792427331151e-07
8.329653837790829e-07
8.307792427331151e-07
8.329653837790829e-07
8.307792427331151e-07
8.329653837790829e-07
8.307792427331151e-07
8.329653837790829e-07
8.307792427331151e-07
8.329653837790829e-07
8.307792427331151e-07
8.329653837790829e-07
8.307792427331151e-07
8.329653837790829e-07
8.307792427331151e-07
8.329653837790829e-07
8.307792427331151e-07
8.329653837790829e-07
8.307792427331151e-07
8.329653837790829e-07
8.307792427331151e-07
8.329653837790829e-07
