0.0
1.7771744751371443e-05
3.850431676255539e-05
5.5179221817525104e-05
6.44768588244915e-05
6.626681715715677e-05
6.27304834779352e-05
5.692227205145173e-05
5.150422657607123e-05
4.786421050084755e-05
4.679727862821892e-05
4.7648158215451986e-05
4.9399957788409665e-05
5.113402949064039e-05
5.227622386883013e-05
5.268754830467515e-05
5.253183553577401e-05
5.207278081797995e-05
5.154192331247032e-05
5.116549436934292e-05
5.100639828015119e-05
5.103224975755438e-05
5.116387183079496e-05
5.1318576879566535e-05
5.14348539581988e-05
5.149023490957916e-05
5.149031130713411e-05
5.145624163560569e-05
5.1412018365226686e-05
5.1375693146837875e-05
5.135587707627565e-05
5.1352588343434036e-05
5.1360544603085145e-05
5.1372891903156415e-05
5.138399137649685e-05
5.139076165505685e-05
5.1392693421803415e-05
5.139102358953096e-05
5.1387665735092014e-05
5.138434062246233e-05
5.1382099627517164e-05
5.13812447024975e-05
5.1381521188886836e-05
5.1382408855715767e-05
5.1383387472014874e-05
5.138410779181868e-05
5.1384438847890124e-05
5.1384424295974895e-05
5.1384198741288856e-05
5.138391861692071e-05
5.138368942425586e-05
5.138356937095523e-05
5.138355481904e-05
5.138360938872211e-05
5.138368942425586e-05
5.13837585458532e-05
5.1383798563620076e-05
5.13838094775565e-05
5.1383798563620076e-05
5.138377673574723e-05
5.138375490787439e-05
5.138374035595916e-05
5.1383736717980355e-05
5.1383736717980355e-05
5.138374399393797e-05
5.1383751269895583e-05
5.138375490787439e-05
5.13837585458532e-05
5.13837585458532e-05
5.138375490787439e-05
5.1383751269895583e-05
5.1383751269895583e-05
5.1383751269895583e-05
5.1383751269895583e-05
5.1383751269895583e-05
5.1383751269895583e-05
5.1383751269895583e-05
5.1383751269895583e-05
5.1383751269895583e-05
5.1383751269895583e-05
5.1383751269895583e-05
5.1383751269895583e-05
5.1383751269895583e-05
5.1383751269895583e-05
5.1383751269895583e-05
5.1383751269895583e-05
5.1383751269895583e-05
5.1383751269895583e-05
5.1383751269895583e-05
5.1383751269895583e-05
5.1383751269895583e-05
5.1383751269895583e-05
5.1383751269895583e-05
5.1383751269895583e-05
5.1383751269895583e-05
5.1383751269895583e-05
5.1383751269895583e-05
5.1383751269895583e-05
5.1383751269895583e-05
5.1383751269895583e-05
5.1383751269895583e-05
-0.11452534794807434
-0.3243233859539032
-0.6231465935707092
-0.9863758683204651
-1.2632248401641846
-1.4164397716522217
-1.4435405731201172
-1.3735417127609253
-1.26668381690979
-1.1731797456741333
-1.1171247959136963
-1.1007195711135864
-1.1139700412750244
-1.141749620437622
-1.1700549125671387
-1.1898850202560425
-1.1981991529464722
-1.1967108249664307
-1.1893779039382935
-1.1807360649108887
-1.1739546060562134
-1.1704490184783936
-1.1700987815856934
-1.1718475818634033
-1.1743757724761963
-1.1766080856323242
-1.1779584884643555
-1.1783320903778076
-1.1779732704162598
-1.1772643327713013
-1.1765552759170532
-1.1760669946670532
-1.1758700609207153
-1.1759182214736938
-1.1761059761047363
-1.1763232946395874
-1.1764914989471436
-1.1765763759613037
-1.1765823364257812
-1.1765365600585938
-1.176472544670105
-1.1764168739318848
-1.1763838529586792
-1.176375389099121
-1.1763850450515747
-1.1764030456542969
-1.17642080783844
-1.1764328479766846
-1.176437497138977
-1.1764360666275024
-1.1764311790466309
-1.1764256954193115
-1.1764215230941772
-1.1764194965362549
-1.1764194965362549
-1.1764206886291504
-1.176422357559204
-1.1764237880706787
-1.176424503326416
-1.1764246225357056
-1.1764243841171265
-1.1764239072799683
-1.17642343044281
-1.176423192024231
-1.1764230728149414
-1.176423192024231
-1.1764233112335205
-1.17642343044281
-1.1764235496520996
-1.1764235496520996
-1.1764235496520996
-1.1764235496520996
-1.1764235496520996
-1.1764235496520996
-1.17642343044281
-1.17642343044281
-1.17642343044281
-1.17642343044281
-1.17642343044281
-1.17642343044281
-1.17642343044281
-1.17642343044281
-1.17642343044281
-1.17642343044281
-1.17642343044281
-1.17642343044281
-1.17642343044281
-1.17642343044281
-1.17642343044281
-1.17642343044281
-1.17642343044281
-1.17642343044281
-1.17642343044281
-1.17642343044281
-1.17642343044281
-1.17642343044281
-1.17642343044281
-1.17642343044281
-1.17642343044281
-1.17642343044281
-1.17642343044281
-1.17642343044281
-1.17642343044281
-1.17642343044281
-1.17642343044281
-1.17642343044281
-1.17642343044281
-1.17642343044281
-1.17642343044281
-1.17642343044281
-1.17642343044281
-1.17642343044281
-1.17642343044281
-1.17642343044281
-1.17642343044281
-1.17642343044281
-1.17642343044281
-1.17642343044281
-1.17642343044281
-1.17642343044281
-1.17642343044281
-1.17642343044281
-1.17642343044281
-1.17642343044281
-1.17642343044281
-1.17642343044281
-1.17642343044281
-1.17642343044281
-1.17642343044281
-1.17642343044281
-1.17642343044281
-1.17642343044281
-1.17642343044281
-1.17642343044281
-1.17642343044281
-1.17642343044281
-1.17642343044281
-1.17642343044281
-1.17642343044281
-1.17642343044281
-1.17642343044281
-1.17642343044281
-1.17642343044281
-1.17642343044281
-1.17642343044281
-1.17642343044281
-1.17642343044281
-1.17642343044281
-1.17642343044281
-1.17642343044281
-1.17642343044281
-1.17642343044281
-1.17642343044281
-1.17642343044281
-1.17642343044281
-1.17642343044281
-1.17642343044281
-1.17642343044281
-1.17642343044281
-1.17642343044281
-1.17642343044281
-1.17642343044281
-1.17642343044281
-1.17642343044281
-1.17642343044281
-1.17642343044281
-1.17642343044281
-1.17642343044281
-1.17642343044281
-1.17642343044281
-1.17642343044281
-1.17642343044281
-1.17642343044281
-1.17642343044281
-1.17642343044281
-1.17642343044281
-1.17642343044281
-1.17642343044281
-1.17642343044281
-1.17642343044281
-1.17642343044281
-1.17642343044281
-1.17642343044281
-1.17642343044281
-1.17642343044281
-1.17642343044281
-1.17642343044281
-1.17642343044281
-1.17642343044281
-1.17642343044281
-1.17642343044281
-1.17642343044281
-1.17642343044281
-1.17642343044281
-1.17642343044281
-1.17642343044281
-1.17642343044281
-1.17642343044281
-1.17642343044281
-1.17642343044281
-1.17642343044281
-1.17642343044281
-1.17642343044281
-1.17642343044281
-1.17642343044281
-1.17642343044281
-1.17642343044281
-1.17642343044281
-1.17642343044281
-1.17642343044281
-1.17642343044281
-1.17642343044281
-1.17642343044281
-1.17642343044281
-1.17642343044281
-1.17642343044281
-1.17642343044281
-1.17642343044281
-1.17642343044281
-1.17642343044281
-1.17642343044281
-1.17642343044281
-1.17642343044281
-1.17642343044281
-1.17642343044281
-1.17642343044281
-1.17642343044281
-1.17642343044281
-1.17642343044281
-1.17642343044281
-1.17642343044281
-1.17642343044281
-1.17642343044281
-1.17642343044281
-1.17642343044281
-1.17642343044281
-1.17642343044281
-1.17642343044281
-1.17642343044281
-1.17642343044281
-1.17642343044281
-1.17642343044281
-1.17642343044281
-1.17642343044281
-1.17642343044281
-1.17642343044281
-1.17642343044281
-1.17642343044281
-1.17642343044281
-1.17642343044281
-1.17642343044281
-1.17642343044281
-1.17642343044281
-1.17642343044281
-1.17642343044281
-1.17642343044281
-1.17642343044281
-1.17642343044281
-1.17642343044281
-1.17642343044281
-1.17642343044281
-1.17642343044281
-1.17642343044281
-1.17642343044281
-1.17642343044281
-1.17642343044281
-1.17642343044281
-1.17642343044281
-1.17642343044281
-1.17642343044281
-1.17642343044281
-1.17642343044281
-1.17642343044281
-1.17642343044281
-1.17642343044281
-1.17642343044281
-1.17642343044281
-1.17642343044281
-1.17642343044281
-1.17642343044281
-1.17642343044281
-1.17642343044281
-1.17642343044281
-1.17642343044281
-1.17642343044281
-1.17642343044281
-1.17642343044281
-1.17642343044281
-1.17642343044281
-1.17642343044281
-1.17642343044281
-1.17642343044281
-1.17642343044281
-1.17642343044281
-1.17642343044281
-1.17642343044281
-1.17642343044281
-1.17642343044281
-1.17642343044281
0.0010641763219609857
0.0012414715019986033
0.0009984973585233092
0.0005567445768974721
0.00010718320118030533
-0.00021175666188355535
-0.00034779703128151596
-0.00032443387317471206
-0.0002179649891331792
-6.3888102886267e-05
5.0950951845152304e-05
0.00010489818669157103
0.00010383665357949212
6.839488924015313e-05
2.4630291591165587e-05
-9.32411876419792e-06
-2.7488287742016837e-05
-3.178791666869074e-05
-2.2540665668202564e-05
-9.526785106572788e-06
1.5480837873838027e-06
7.881625606387388e-06
9.263853826269042e-06
6.962727638892829e-06
3.3161895771627314e-06
4.6156864996760305e-09
-2.0400773337314604e-06
-2.6481523036636645e-06
-2.175116151192924e-06
-1.1866990234921104e-06
-1.970010856666704e-07
4.7652582679802435e-07
7.393223881990707e-07
6.645307735198003e-07
4.0536974665883463e-07
1.1574499581001874e-07
-1.0003852679574265e-07
-2.01153568468726e-07
-1.9919569638204848e-07
-1.3418087974059745e-07
-5.109021472549102e-08
1.6583520334734203e-08
5.309433959155285e-08
5.85195714108977e-08
4.315397106324781e-08
1.9807174567176844e-08
-9.483511753671792e-10
-1.3455253800032096e-08
-1.681319439228446e-08
-1.3623508543503249e-08
-7.1531141010439114e-09
-9.044185400597371e-10
3.264139403214017e-09
4.752982896150115e-09
4.162208799840528e-09
2.3779780367050307e-09
5.967176752719183e-10
-7.424947878753585e-10
-1.337231436693287e-09
-1.3400488496628782e-09
-8.934173401087264e-10
-2.99240826562297e-10
7.196760548611181e-11
3.713848950592791e-10
3.699267836498876e-10
2.9604962925589007e-10
1.459325577046755e-10
-5.188860409052753e-13
-1.5058186642047389e-10
-1.4832729489100416e-10
-7.359412385055109e-11
-7.618562725131284e-11
-7.703618992715988e-11
-7.788675260300693e-11
-7.696877163398952e-11
-7.726587425427311e-11
-7.750888819657575e-11
-7.780599081685935e-11
-7.783969996344453e-11
-7.789378864142549e-11
-7.777228167027417e-11
-7.795593337522888e-11
-7.794062617527686e-11
-7.793889145180088e-11
-7.793640038888938e-11
-7.799048906687034e-11
-7.786898209571902e-11
-7.799048906687034e-11
-7.80445777448513e-11
-7.809866642283225e-11
-7.822017339398357e-11
-7.851727601426717e-11
-7.816714636676991e-11
-7.82090434081617e-11
-7.8222525679017e-11
-7.823347525359736e-11
-7.824133702039049e-11
-7.824717263016367e-11
-7.825184944465491e-11
-7.82564499313132e-11
-6.86088228225708
-12.56275749206543
-17.893606185913086
-21.75025749206543
-16.57777976989746
-9.174549102783203
-1.6228018999099731
4.19155216217041
6.398679256439209
5.599047660827637
3.3565807342529297
0.9823471903800964
-0.7934436798095703
-1.6634448766708374
-1.6949259042739868
-1.1874312162399292
-0.49785274267196655
0.08912277221679688
0.4391000270843506
0.517471969127655
0.406074196100235
0.2099180370569229
0.020975831896066666
-0.10472091287374496
-0.15138815343379974
-0.1336682140827179
-0.08085900545120239
-0.0223692674189806
0.021486129611730576
0.04245402291417122
0.0424576997756958
0.02923630177974701
0.011790989898145199
-0.0028846189379692078
-0.01124209351837635
-0.013011462986469269
-0.010074288584291935
-0.005085045006126165
-0.00035541507531888783
0.0027388990856707096
0.003836577758193016
0.003335207002237439
0.0019805238116532564
0.0005103318253532052
-0.000574721023440361
-0.0010790079832077026
-0.0010614949278533459
-0.0007188678719103336
-0.0002783833188004792
8.606920164311305e-05
0.0002893267956096679
0.0003262079262640327
0.0002474139619152993
0.0001198514219140634
1.660717316553928e-06
-7.283084414666519e-05
-9.766790753928944e-05
-8.217216964112595e-05
-4.57825226476416e-05
-9.621880053600762e-06
1.5510438970522955e-05
2.716516792133916e-05
2.5261990231228992e-05
1.5275634723366238e-05
4.7246435315173585e-06
-4.367866949905874e-06
-7.666784767934587e-06
-7.725967407168355e-06
-5.484464054461569e-06
-1.783374273145455e-06
3.971747730702191e-07
1.9017541035282193e-06
2.8972701784368837e-06
3.5016007586818887e-06
3.866347469738685e-06
1.651298020988179e-06
5.29323983755603e-07
-2.2055240833651624e-07
-7.724993906776945e-07
-1.1328082791806082e-06
-1.2925129340146668e-06
-1.4186208545652335e-06
-1.4968017012506607e-06
-1.4962351997382939e-06
-1.5000181292634807e-06
-1.5010500646894798e-06
-1.5007385627541225e-06
-1.5004441138444236e-06
-1.5002555073806434e-06
-1.5012192307040095e-06
-1.501136921433499e-06
-1.5011346476967447e-06
-1.5011796676844824e-06
-1.5012363974165055e-06
-1.5012800531621906e-06
-1.5013008578534937e-06
-1.501301085227169e-06
-1.501289261796046e-06
-1.50127459619398e-06
-1.5012634548838832e-06
-1.501258225289348e-06
-1.501258225289348e-06
-1.5012612948339665e-06
-1.5012650464996113e-06
-1.5012678886705544e-06
-1.501269252912607e-06
-1.501269252912607e-06
-1.501268457104743e-06
-1.5012674339232035e-06
-1.5012667518021772e-06
-1.501266410741664e-06
-1.501266410741664e-06
-1.5012666381153394e-06
-1.5012668654890149e-06
-1.5012670928626903e-06
-1.501267206549528e-06
-1.501267206549528e-06
-1.501267206549528e-06
-1.5012670928626903e-06
-1.5012670928626903e-06
-1.5012670928626903e-06
-1.5012670928626903e-06
-1.5012670928626903e-06
-1.5012670928626903e-06
-1.5012670928626903e-06
-1.5012670928626903e-06
-1.5012670928626903e-06
-1.5012670928626903e-06
-1.5012670928626903e-06
-1.5012670928626903e-06
-1.5012670928626903e-06
-1.5012670928626903e-06
-1.5012670928626903e-06
-1.5012670928626903e-06
-1.5012670928626903e-06
-1.5012670928626903e-06
-1.5012670928626903e-06
-1.5012670928626903e-06
-1.5012670928626903e-06
-1.5012670928626903e-06
-1.5012670928626903e-06
-1.5012670928626903e-06
-1.5012670928626903e-06
-1.5012670928626903e-06
-1.5012670928626903e-06
-1.5012670928626903e-06
-1.5012670928626903e-06
-1.5012670928626903e-06
-1.5012670928626903e-06
-1.5012670928626903e-06
-1.5012670928626903e-06
-1.5012670928626903e-06
-1.5012670928626903e-06
-1.5012670928626903e-06
-1.5012670928626903e-06
-1.5012670928626903e-06
-1.5012670928626903e-06
-1.5012670928626903e-06
-1.5012670928626903e-06
-1.5012670928626903e-06
-1.5012670928626903e-06
-1.5012670928626903e-06
-1.5012670928626903e-06
-1.5012670928626903e-06
-1.5012670928626903e-06
-1.5012670928626903e-06
-1.5012670928626903e-06
-1.5012670928626903e-06
-1.5012670928626903e-06
-1.5012670928626903e-06
-1.5012670928626903e-06
-1.5012670928626903e-06
-1.5012670928626903e-06
-1.5012670928626903e-06
-1.5012670928626903e-06
-1.5012670928626903e-06
-1.5012670928626903e-06
-1.5012670928626903e-06
-1.5012670928626903e-06
-1.5012670928626903e-06
-1.5012670928626903e-06
-1.5012670928626903e-06
-1.5012670928626903e-06
-1.5012670928626903e-06
-1.5012670928626903e-06
-1.5012670928626903e-06
-1.5012670928626903e-06
-1.5012670928626903e-06
-1.5012670928626903e-06
-1.5012670928626903e-06
-1.5012670928626903e-06
-1.5012670928626903e-06
-1.5012670928626903e-06
-1.5012670928626903e-06
-1.5012670928626903e-06
-1.5012670928626903e-06
-1.5012670928626903e-06
-1.5012670928626903e-06
-1.5012670928626903e-06
-1.5012670928626903e-06
-1.5012670928626903e-06
-1.5012670928626903e-06
-1.5012670928626903e-06
-1.5012670928626903e-06
-1.5012670928626903e-06
-1.5012670928626903e-06
-1.5012670928626903e-06
-1.5012670928626903e-06
-1.5012670928626903e-06
-1.5012670928626903e-06
-1.5012670928626903e-06
-1.5012670928626903e-06
-1.5012670928626903e-06
-1.5012670928626903e-06
-1.5012670928626903e-06
-1.5012670928626903e-06
-1.5012670928626903e-06
-1.5012670928626903e-06
-1.5012670928626903e-06
-1.5012670928626903e-06
-1.5012670928626903e-06
-1.5012670928626903e-06
-1.5012670928626903e-06
-1.5012670928626903e-06
-1.5012670928626903e-06
-1.5012670928626903e-06
-1.5012670928626903e-06
-1.5012670928626903e-06
-1.5012670928626903e-06
-1.5012670928626903e-06
-1.5012670928626903e-06
-1.5012670928626903e-06
-1.5012670928626903e-06
-1.5012670928626903e-06
-1.5012670928626903e-06
-1.5012670928626903e-06
-1.5012670928626903e-06
-1.5012670928626903e-06
-1.5012670928626903e-06
-1.5012670928626903e-06
-1.5012670928626903e-06
-1.5012670928626903e-06
-1.5012670928626903e-06
-1.5012670928626903e-06
-1.5012670928626903e-06
-1.5012670928626903e-06
-1.5012670928626903e-06
-1.5012670928626903e-06
-1.5012670928626903e-06
-1.5012670928626903e-06
-1.5012670928626903e-06
-1.5012670928626903e-06
-1.5012670928626903e-06
-1.5012670928626903e-06
-1.5012670928626903e-06
-1.5012670928626903e-06
-1.5012670928626903e-06
-1.5012670928626903e-06
-1.5012670928626903e-06
-1.5012670928626903e-06
-1.5012670928626903e-06
-1.5012670928626903e-06
-1.5012670928626903e-06
-1.5012670928626903e-06
-1.5012670928626903e-06
-1.5012670928626903e-06
-1.5012670928626903e-06
-1.5012670928626903e-06
-1.5012670928626903e-06
-1.5012670928626903e-06
-1.5012670928626903e-06
-1.5012670928626903e-06
-1.5012670928626903e-06
-1.5012670928626903e-06
-1.5012670928626903e-06
-1.5012670928626903e-06
-1.5012670928626903e-06
-1.5012670928626903e-06
-1.5012670928626903e-06
-1.5012670928626903e-06
-1.5012670928626903e-06
-1.5012670928626903e-06
-1.5012670928626903e-06
-1.5012670928626903e-06
-1.5012670928626903e-06
-1.5012670928626903e-06
-1.5012670928626903e-06
-1.5012670928626903e-06
-1.5012670928626903e-06
-1.5012670928626903e-06
-1.5012670928626903e-06
-1.5012670928626903e-06
-1.5012670928626903e-06
-1.5012670928626903e-06
-1.5012670928626903e-06
-1.5012670928626903e-06
-1.5012670928626903e-06
-1.5012670928626903e-06
-1.5012670928626903e-06
-1.5012670928626903e-06
